6, -118, 20, -88, -127, -81, 27, 30, -109, 89, -43, 82,-61,
 -94, 83, 25, -10, -77, 67, 61, -37, 58, 87, 36, -72, 115, -77, 37, -94, 91, -24, -90, -37,
65, -99, 105, -74, -7, 97, 44, -80, -101, 62, 87, 117, 123, 49, 75, 45, -106, -98, -126, -40,
105, 90, -126, 107, -18, 87, 123, 106, 49, 41, -89, 72, 29, -84, 23, 58, -53, 68, 86, 88, 94,
-112, 36, -111, 100, 92, -5, -23, 86, -111, -38, -59, 92, 31, 34, 44, 101, 73, -25, 126, -45,
127, -7, 28, 44, -33, -46, -105, 42, 32, 53, 93, -47, 54, -8, -66, 20, -80, -40, 120, -43, 66,
86, 67, -81, 28, -43, 100, 111, 7, -5, -1, 118, -6, 4, 79, 100, 113, 96, -95, -48, 120, 125, 52,
-43, -112, -124, 123, -50, -84, 48, -62, 72, -10, -38, -1, -15, 80, 64, 35, -33, -4, 1, 24, 54, 42,
108, -12, 72, -123, 60, 110, -37, -29, 43, -115, -78, -91, -43, -106, -119, 10, 68, 18, -125, 6, 3, -43, -4, 126, -49, 7, -125, -10, -61, 119, 87, -4, 111,
-83, 62, 119, 63, 81, -29, -39, -73, -74, 97, 60, -41, -86, 117, -17, -41, 65, -121, -51, -65, -75,
-21, 96, -31, -91, -52, -46, -101, -44, -95, 24, 5, 80, -125, 115, 11, 32, 109, 120, -117, 96, 113,
18, 103, -81, 94, -22, -86, 41, 48, -116, -31, 43, -30, 30, 77, 125, 62, 45, 98, 47, 5, -101, -83,
-14, -35, 63, -73, -53, 41, -27, 101, -35, 102, 73, 52, -126, 69, 61, -10, -34, 127, 115, -106, 4,
13, -86, -103, -62, -57, 96, 83, -112, 16, -118, 20, -88, -127, -81, 27, 30, -109, 89, -43, 82,-61,
 -94, 83, 25, -10, -77, 67, 61, -37, 58, 87, 36, -72, 115, -77, 37, -94, 91, -24, -90, -37,
65, -99, 105, -74, -7, 97, 44, -80, -101, 62, 87, 117, 123, 49, 75, 45, -106, -98, -126, -40,
105, 90, -126, 107, -18, 87, 123, 106, 49, 41, -89, 72, 29, -84, 23, 58, -53, 68, 86, 88, 94,
-112, 36, -111, 100, 92, -5, -23, 86, -111, -38, -59, 92, 31, 34, 44, 101, 73, -25, 126, -45,
127, -7, 28, 44, -33, -46, -105, 42, 32, 53, 93, -47, 54, -8, -66, 20, -80, -40, 120, -43, 66,
86, 67, -81, 28, -43, 100, 111, 7, -5, -1, 118, -6, 4, 79, 100, 113, 96, -95, -48, 120, 125, 52,
-43, -112, -124, 123, -50, -84, 48, -62, 72, -10, -38, 56, -1, -15, 80, 64, 35, 31, -4, 1, 18, 54,
45, -80, 118, 98, 44, 66, -34, -29, 109, -38, -86, 86, -18, 73, 87, 32, -78, -91, 72, 33, 71, -96,
-20, -39, -15, 77, -113, -77, 49, -33, 117, -63, -84, -102, 83, 104, 59, -28, 110, 44, -16, -71, -54,
50, -100, 92, 26, -89, 113, -43, -77, 102, -9, -21, 122, 94, -100, 125, -75, 69, 49, 75, -122, -18, 116,
84, -51, 15, 2, -12, 71, -101, -43, -117, 21, -23, 85, -104, 74, 105, -117, -128, -42, -95, 25, 8, -128,
-112, 48, 103, -62, -101, -32, 39, -11, 119, -41, -121, -74, 94, -79, 58, -21, -105, 39, 96, 106, 82, 28,
105, 25, 27, -99, 91, -12, -35, -109, 78, -21, 73, 58, -124, 91, 22, 110, 11, 70, 50, -118, 26, -91, 28,
16, -58, -67, 111, 35, -86, -120, -48, -44, 96, 76, -76, -50, 84, -86, -85, 84, -44, -55, 15, 13, 117, 52,
-40, 26, 17, 122, -118, 121, 41, -59, 122, -19, -107, 121, 87, 100, -118, -85, -123, -49, -123, -76, 87, 93, -110,
95, -70, 6, -83, 68, -69, 23, -16, -2, -75, -61, 26, 41, -96, 17, 17, -3, 30, 68, 106, 33, -110, -53, 112, -69, -119,
15, 127, 113, -16, -19, -121, 46, 116, -19, -42, -112, 48, -55, -81, 10, -35, 77, 86, 14, 89, 23, 58, -89, 114, -24,
16, 89, -43, 98, 53, 5, -38, -32, -14, 87, 88, 39, 55, -13, -19, -121, 78, 91, 10, 126, 26, -89, 52, -61, 97, -112,
-68, 60, -76, -104, 106, 119, -119, -47, 85, -92, 11, -19, 100, 44, 56, -1, -15, 80, 64, 34, 63, -4, 1, 26, 54, 42, 108,
-28, 80, 5, 84, -89, 55, -82, -22, -93, 45, 105, 34, 34, 4, 64, 0, 13, -65, 88, -44, 126, -1, 97, -13, -51, -85, -77, -34,
-70, -50, 102, -21, -74, 119, 28, -23, -21, -47, -31, -20, 30, 103, -47, -17, 126, -118, 101, 119, -26, -14, -90, 17, -52, -7,
-76, 106, 9, -95, 69, -110, -95, 97, 7, 66, -52, -92, -78, -39, -75, 92, -104, -109, 111, 116, 16, -112, -126, 18, -59, 11, -75,
13, -42, -6, -82, -119, 117, 45, 29, -12, -11, -25, -107, 28, -70, -16, 23, -79, -74, 113, -75, -95, -126, 90, -81, -86, 122, 121, 91,
-42, 110, -56, -92, -123, -61, 52, 32, 19, 54, 102, -122, 59, 46, 82, -70, -40, 77, 20, 74, 86, 106, -118, -20, 55, -86, -104, -76, 8,
40, 75, 101, -59, 77, -40, -19, 102, 91, 41, 119, -42, -95, -85, -70, -74, -98, -52, -10, -84, -74, 63, 120, -114, 12, 14, 28, 70, 119,
59, -32, -94, 110, 122, 16, 82, -119, -47, 22, 70, -91, -50, -66, -7, -88, -98, -27, -71, 36, -17, -60, 33, 37, 71, 109, 126, -109, 97,
25, 113, 35, -120, -124, -79, -112, 124, -51, 117, -72, -5, 117, -63, 79, -29, 105, 83, 87, -115, 120, 96, -5, 114, -84, -87, 126, -8,
-86, 67, 58, -68, 22, -16, -126, -42, 96, 23, -75, 66, 13, -28, 93, 75, -75, 9, 69, 116, 25, 114, 92, 68, 42, -96, -92, 66, -54, 82, 47,
-95, 19, 23, 42, 93, 124, -1, -15, 80, 64, 34, -1, -4, 1, 26, 54, 41, -19, 52, 65, -119, 78,